,open,high,low,close,adjclose,volume,ticker
2018-09-30,7011.0,7011.0,7011.0,7011.0,6710.0751953125,0,LVPR.TA
2018-10-01,7011.0,7011.0,7011.0,7011.0,6710.0751953125,0,LVPR.TA
2018-10-02,7011.0,7086.0,6920.0,7056.0,6753.1435546875,13291,LVPR.TA
2018-10-03,7056.0,7130.0,7060.0,7103.0,6798.1259765625,1034,LVPR.TA
2018-10-04,7103.0,7103.0,6880.0,6897.0,6600.9677734375,3915,LVPR.TA
2018-10-07,6897.0,6937.0,6816.0,6902.0,6605.75341796875,640,LVPR.TA
2018-10-08,6902.0,6950.0,6870.0,6870.0,6575.126953125,1484,LVPR.TA
2018-10-09,6870.0,6870.0,6815.0,6829.0,6535.88720703125,2142,LVPR.TA
2018-10-10,6829.0,6903.0,6800.0,6829.0,6535.88720703125,3966,LVPR.TA
2018-10-11,6800.0,6870.0,6624.0,6677.0,6390.4111328125,6719,LVPR.TA
2018-10-14,6677.0,6707.0,6677.0,6702.0,6414.33740234375,255,LVPR.TA
2018-10-15,6702.0,6794.0,6709.0,6774.0,6483.24755859375,387,LVPR.TA
2018-10-16,6774.0,6774.0,6699.0,6724.0,6435.39306640625,1896,LVPR.TA
2018-10-17,6540.0,6688.0,6540.0,6643.0,6357.87060546875,797,LVPR.TA
2018-10-18,6643.0,6788.0,6644.0,6688.0,6400.9384765625,532,LVPR.TA
2018-10-21,6649.0,6649.0,6550.0,6632.0,6347.3427734375,854,LVPR.TA
2018-10-22,6632.0,6745.0,6557.0,6647.0,6361.69873046875,1344,LVPR.TA
2018-10-23,6540.0,6622.0,6401.0,6445.0,6168.36865234375,4309,LVPR.TA
2018-10-24,6445.0,6486.0,6445.0,6463.0,6185.595703125,669,LVPR.TA
2018-10-25,6400.0,6458.0,6400.0,6408.0,6132.95703125,2390,LVPR.TA
2018-10-28,6408.0,6558.0,6473.0,6527.0,6246.8486328125,1073,LVPR.TA
2018-10-29,6527.0,6600.0,6400.0,6418.0,6142.52783203125,2201,LVPR.TA
2018-10-30,6418.0,6418.0,6418.0,6418.0,6142.52783203125,0,LVPR.TA
2018-10-31,6418.0,6418.0,6400.0,6400.0,6125.30029296875,1663,LVPR.TA
2018-11-01,6400.0,6458.0,6458.0,6458.0,6180.81103515625,1417,LVPR.TA
2018-11-04,6458.0,6451.0,6413.0,6419.0,6143.484375,1057,LVPR.TA
2018-11-05,6419.0,6412.0,6394.0,6400.0,6125.30029296875,2147,LVPR.TA
2018-11-06,6400.0,6444.0,6360.0,6410.0,6134.87109375,1644,LVPR.TA
2018-11-07,6410.0,6487.0,6422.0,6431.0,6154.97021484375,577,LVPR.TA
2018-11-08,6431.0,6567.0,6436.0,6470.0,6192.29541015625,1648,LVPR.TA
2018-11-11,6451.0,6451.0,6319.0,6333.0,6061.17578125,547,LVPR.TA
2018-11-12,6333.0,6333.0,6252.0,6263.0,5994.18115234375,2055,LVPR.TA
2018-11-13,6263.0,6470.0,6232.0,6268.0,5998.9658203125,4317,LVPR.TA
2018-11-14,6268.0,6332.0,6232.0,6275.0,6005.66552734375,671,LVPR.TA
2018-11-15,6275.0,6314.0,6171.0,6306.0,6035.33544921875,6611,LVPR.TA
2018-11-18,6306.0,6560.0,6387.0,6505.0,6225.79345703125,10718,LVPR.TA
2018-11-19,6769.0,6769.0,6489.0,6542.0,6261.2060546875,1680,LVPR.TA
2018-11-20,6400.0,6438.0,6400.0,6402.0,6127.21435546875,1742,LVPR.TA
2018-11-21,6400.0,6440.0,6400.0,6429.0,6153.0556640625,1692,LVPR.TA
2018-11-22,6429.0,6432.0,6400.0,6408.0,6132.95703125,1299,LVPR.TA
2018-11-25,6408.0,6446.0,6402.0,6422.0,6146.35595703125,808,LVPR.TA
2018-11-26,6422.0,6431.0,6400.0,6400.0,6125.30029296875,1714,LVPR.TA
2018-11-27,6400.0,6582.0,6400.0,6491.0,6212.39453125,1105,LVPR.TA
2018-11-28,6491.0,6540.0,6354.0,6435.0,6158.79833984375,637,LVPR.TA
2018-11-29,6467.0,6467.0,6400.0,6439.0,6162.62646484375,595,LVPR.TA
2018-12-02,6439.0,6689.0,6439.0,6552.0,6270.77587890625,905,LVPR.TA
2018-12-03,6548.0,6620.0,6548.0,6573.0,6290.87451171875,1167,LVPR.TA
2018-12-04,6573.0,6588.0,6511.0,6546.0,6265.0341796875,3120,LVPR.TA
2018-12-05,6546.0,6686.0,6438.0,6686.0,6399.02490234375,7367,LVPR.TA
2018-12-06,6686.0,6573.0,6450.0,6450.0,6173.154296875,4430,LVPR.TA
2018-12-09,6445.0,6453.0,6350.0,6409.0,6133.91357421875,6740,LVPR.TA
2018-12-10,6409.0,6408.0,6200.0,6231.0,5963.55419921875,595,LVPR.TA
2018-12-11,6227.0,6347.0,6227.0,6237.0,5969.296875,8681,LVPR.TA
2018-12-12,6237.0,6236.0,6187.0,6187.0,5921.4423828125,5186,LVPR.TA
2018-12-13,6186.0,6244.0,6185.0,6199.0,5932.92822265625,3138,LVPR.TA
2018-12-16,6199.0,6190.0,6130.0,6164.0,5899.4296875,1376,LVPR.TA
2018-12-17,6080.0,6178.0,6080.0,6108.0,5845.83349609375,4242,LVPR.TA
2018-12-18,6108.0,6109.0,6000.0,6041.0,5781.70947265625,1500,LVPR.TA
2018-12-19,6041.0,6261.0,6103.0,6261.0,5992.2666015625,4094,LVPR.TA
2018-12-20,6261.0,6261.0,6001.0,6087.0,5825.73486328125,3859,LVPR.TA
2018-12-23,6000.0,6085.0,5813.0,5914.0,5660.16064453125,5188,LVPR.TA
2018-12-24,5914.0,6200.0,5801.0,5841.0,5590.2939453125,2540,LVPR.TA
2018-12-25,5841.0,5991.0,5680.0,5950.0,5694.61474609375,4662,LVPR.TA
2018-12-26,5950.0,5939.0,5896.0,5896.0,5642.9326171875,2086,LVPR.TA
2018-12-27,6250.0,6250.0,5800.0,5839.0,5588.37939453125,2525,LVPR.TA
2018-12-30,5839.0,6000.0,5839.0,5922.0,5667.81689453125,1516,LVPR.TA
2018-12-31,5922.0,6240.0,6072.0,6166.0,5901.34375,12069,LVPR.TA
2019-01-01,6166.0,6200.0,5935.0,5976.0,5719.4990234375,1274,LVPR.TA
2019-01-02,5976.0,6001.0,5834.0,5887.0,5634.3193359375,1871,LVPR.TA
2019-01-03,5887.0,6000.0,5700.0,5700.0,5455.34521484375,6659,LVPR.TA
2019-01-06,5704.0,6000.0,5675.0,5887.0,5634.3193359375,4540,LVPR.TA
2019-01-07,5887.0,5998.0,5824.0,5966.0,5709.92822265625,1143,LVPR.TA
2019-01-08,5966.0,6200.0,6100.0,6134.0,5870.71728515625,1234,LVPR.TA
2019-01-09,6134.0,6159.0,6119.0,6130.0,5866.88916015625,1357,LVPR.TA
2019-01-10,6130.0,6248.0,6001.0,6111.0,5848.705078125,1877,LVPR.TA
2019-01-13,6107.0,6200.0,6060.0,6104.0,5842.0048828125,7492,LVPR.TA
2019-01-14,6104.0,6106.0,6051.0,6094.0,5832.43408203125,2055,LVPR.TA
2019-01-15,6094.0,6100.0,6000.0,6091.0,5829.5625,3301,LVPR.TA
2019-01-16,6091.0,6165.0,6075.0,6123.0,5860.189453125,1827,LVPR.TA
2019-01-17,6119.0,6123.0,5906.0,5990.0,5732.8984375,2286,LVPR.TA
2019-01-20,5990.0,6039.0,5989.0,6023.0,5764.48193359375,888,LVPR.TA
2019-01-21,6023.0,6032.0,5994.0,6011.0,5752.99658203125,2843,LVPR.TA
2019-01-22,6011.0,6110.0,5950.0,5976.0,5719.4990234375,2177,LVPR.TA
2019-01-23,5976.0,5979.0,5900.0,5927.0,5672.6025390625,1270,LVPR.TA
2019-01-24,5927.0,6022.0,5927.0,5975.0,5718.5419921875,747,LVPR.TA
2019-01-27,5975.0,6098.0,5971.0,6037.0,5777.880859375,901,LVPR.TA
2019-01-28,6037.0,6205.0,5906.0,5997.0,5739.59765625,4633,LVPR.TA
2019-01-29,5997.0,6233.0,5994.0,6035.0,5775.966796875,1016,LVPR.TA
2019-01-30,6035.0,6173.0,6035.0,6173.0,5908.04345703125,1385,LVPR.TA
2019-01-31,6173.0,6240.0,6124.0,6139.0,5875.5029296875,1941,LVPR.TA
2019-02-03,6139.0,6143.0,6018.0,6070.0,5809.46484375,1537,LVPR.TA
2019-02-04,6070.0,6022.0,6000.0,6002.0,5744.38330078125,1266,LVPR.TA
2019-02-05,6002.0,6017.0,5950.0,5968.0,5711.8427734375,632,LVPR.TA
2019-02-06,5968.0,6060.0,6000.0,6033.0,5774.052734375,576,LVPR.TA
2019-02-07,6033.0,5932.0,5903.0,5932.0,5677.3876953125,5010,LVPR.TA
2019-02-10,5932.0,5955.0,5900.0,5921.0,5666.85986328125,346,LVPR.TA
2019-02-11,5921.0,6000.0,5921.0,5973.0,5716.62744140625,309,LVPR.TA
2019-02-12,5973.0,6004.0,5971.0,5996.0,5738.64111328125,2043,LVPR.TA
2019-02-13,5970.0,6223.0,5970.0,6206.0,5939.626953125,1728,LVPR.TA
2019-02-14,6240.0,6469.0,6207.0,6378.0,6104.24462890625,6862,LVPR.TA
2019-02-17,6378.0,6570.0,6250.0,6527.0,6246.8486328125,5465,LVPR.TA
2019-02-18,6527.0,6694.0,6590.0,6600.0,6316.7158203125,2380,LVPR.TA
2019-02-19,6600.0,6655.0,6577.0,6592.0,6309.0595703125,1707,LVPR.TA
2019-02-20,6592.0,6700.0,6460.0,6658.0,6372.2265625,1633,LVPR.TA
2019-02-21,6700.0,6700.0,6394.0,6496.0,6217.18017578125,2208,LVPR.TA
2019-02-24,6496.0,6496.0,6459.0,6476.0,6198.0380859375,533,LVPR.TA
2019-02-25,6476.0,6557.0,6495.0,6512.0,6232.49267578125,1390,LVPR.TA
2019-02-26,6512.0,6442.0,6220.0,6323.0,6051.60546875,3566,LVPR.TA
2019-02-27,6323.0,6325.0,6080.0,6237.0,5969.296875,760,LVPR.TA
2019-02-28,6237.0,6249.0,6120.0,6217.0,5950.1552734375,2414,LVPR.TA
2019-03-03,6217.0,6430.0,6264.0,6391.0,6116.6865234375,187,LVPR.TA
2019-03-04,6391.0,6689.0,6391.0,6581.0,6298.53125,4149,LVPR.TA
2019-03-05,6581.0,6700.0,6355.0,6521.0,6241.10693359375,1368,LVPR.TA
2019-03-06,6521.0,6619.0,6355.0,6606.0,6322.45849609375,1541,LVPR.TA
2019-03-07,6606.0,6545.0,6342.0,6357.0,6084.14599609375,4458,LVPR.TA
2019-03-10,6357.0,6358.0,6357.0,6357.0,6084.14599609375,497,LVPR.TA
2019-03-11,6257.0,6304.0,6259.0,6279.0,6105.53857421875,404,LVPR.TA
2019-03-12,6279.0,6465.0,6300.0,6321.0,6146.3779296875,1192,LVPR.TA
2019-03-13,6321.0,6460.0,6304.0,6455.0,6276.67578125,2774,LVPR.TA
2019-03-14,6480.0,6480.0,6400.0,6429.0,6251.39453125,263,LVPR.TA
2019-03-17,6429.0,6480.0,6480.0,6480.0,6300.98486328125,724,LVPR.TA
2019-03-18,6480.0,6579.0,6372.0,6458.0,6279.5927734375,1329,LVPR.TA
2019-03-19,6458.0,6580.0,6400.0,6558.0,6376.83056640625,4421,LVPR.TA
2019-03-20,6700.0,6998.0,6560.0,6742.0,6555.7470703125,4112,LVPR.TA
2019-03-21,6742.0,6742.0,6742.0,6742.0,6555.7470703125,0,LVPR.TA
2019-03-24,6742.0,6742.0,6622.0,6696.0,6511.01806640625,869,LVPR.TA
2019-03-25,6696.0,7149.0,6693.0,6830.0,6641.31640625,4934,LVPR.TA
2019-03-26,6830.0,6723.0,6625.0,6664.0,6479.90234375,3548,LVPR.TA
2019-03-27,6625.0,7099.0,6501.0,6672.0,6487.68115234375,5105,LVPR.TA
2019-03-28,6480.0,6513.0,6402.0,6460.0,6281.5380859375,8067,LVPR.TA
2019-03-31,6460.0,6600.0,6422.0,6453.0,6274.7314453125,1356,LVPR.TA
2019-04-01,6453.0,6600.0,6468.0,6511.0,6331.12890625,2692,LVPR.TA
2019-04-02,6868.0,6868.0,6421.0,6558.0,6376.83056640625,1672,LVPR.TA
2019-04-03,6558.0,6754.0,6600.0,6712.0,6526.576171875,1282,LVPR.TA
2019-04-04,6712.0,6798.0,6565.0,6631.0,6447.8134765625,10547,LVPR.TA
2019-04-07,6566.0,6836.0,6566.0,6768.0,6581.029296875,2900,LVPR.TA
2019-04-08,6768.0,6890.0,6650.0,6878.0,6687.99072265625,2116,LVPR.TA
2019-04-09,6878.0,6878.0,6878.0,6878.0,6687.99072265625,0,LVPR.TA
2019-04-10,6878.0,7188.0,6810.0,7024.0,6829.95703125,3517,LVPR.TA
2019-04-11,7024.0,7300.0,6762.0,7232.0,7032.2109375,6307,LVPR.TA
2019-04-14,7232.0,7239.0,7100.0,7234.0,7034.1552734375,1582,LVPR.TA
2019-04-15,7234.0,7451.0,7121.0,7248.0,7047.76904296875,4190,LVPR.TA
2019-04-16,7248.0,7256.0,7245.0,7250.0,7049.7138671875,2553,LVPR.TA
2019-04-17,7250.0,7250.0,7157.0,7250.0,7049.7138671875,1422,LVPR.TA
2019-04-18,7250.0,7250.0,7058.0,7204.0,7004.984375,4169,LVPR.TA
2019-04-21,7204.0,7300.0,7161.0,7208.0,7008.8740234375,724,LVPR.TA
2019-04-22,7208.0,7240.0,7240.0,7240.0,7039.990234375,227,LVPR.TA
2019-04-23,7240.0,7248.0,7117.0,7167.0,6969.00634765625,557,LVPR.TA
2019-04-24,7167.0,7167.0,7165.0,7165.0,6967.06201171875,527,LVPR.TA
2019-04-25,7165.0,7165.0,7165.0,7165.0,6967.06201171875,0,LVPR.TA
2019-04-28,7165.0,7350.0,6991.0,7242.0,7041.9345703125,2002,LVPR.TA
2019-04-29,7242.0,7188.0,7062.0,7113.0,6916.498046875,1003,LVPR.TA
2019-04-30,7110.0,7325.0,7038.0,7133.0,6935.94580078125,4752,LVPR.TA
2019-05-01,7133.0,7133.0,6995.0,7108.0,6911.63623046875,1239,LVPR.TA
2019-05-02,7108.0,7249.0,6966.0,7103.0,6906.77392578125,5186,LVPR.TA
2019-05-05,7103.0,7249.0,7030.0,7126.0,6929.13916015625,684,LVPR.TA
2019-05-06,7030.0,7193.0,7030.0,7090.0,6894.1337890625,1133,LVPR.TA
2019-05-07,7250.0,7250.0,7177.0,7228.0,7028.3212890625,1210,LVPR.TA
2019-05-08,7228.0,7228.0,7228.0,7228.0,7028.3212890625,0,LVPR.TA
2019-05-09,7228.0,7228.0,7228.0,7228.0,7028.3212890625,0,LVPR.TA
2019-05-12,7228.0,7228.0,7085.0,7108.0,6911.63623046875,678,LVPR.TA
2019-05-13,7108.0,7129.0,6920.0,6931.0,6739.52587890625,3501,LVPR.TA
2019-05-14,6931.0,7148.0,6931.0,7092.0,6896.078125,574,LVPR.TA
2019-05-15,7092.0,7092.0,7092.0,7092.0,6896.078125,0,LVPR.TA
2019-05-16,7026.0,7026.0,7026.0,7026.0,6831.90185546875,234,LVPR.TA
2019-05-19,7026.0,7018.0,6823.0,6928.0,6736.609375,338,LVPR.TA
2019-05-20,6928.0,7110.0,6923.0,6995.0,6801.7578125,907,LVPR.TA
2019-05-21,6995.0,6995.0,6995.0,6995.0,6801.7578125,0,LVPR.TA
2019-05-22,7006.0,7197.0,6913.0,7113.0,6916.498046875,1195,LVPR.TA
2019-05-23,7113.0,7115.0,6851.0,7023.0,6828.984375,1006,LVPR.TA
2019-05-26,7023.0,7195.0,7025.0,7182.0,6983.59228515625,378,LVPR.TA
2019-05-27,7182.0,7245.0,7165.0,7169.0,6970.951171875,3339,LVPR.TA
2019-05-28,7169.0,7316.0,7000.0,7183.0,6984.564453125,2158,LVPR.TA
2019-05-29,7183.0,7440.0,6944.0,7424.0,7218.90673828125,2806,LVPR.TA
2019-05-30,7440.0,7440.0,7088.0,7258.0,7057.49267578125,2202,LVPR.TA
2019-06-02,6967.0,7199.0,6932.0,7104.0,6907.7470703125,2452,LVPR.TA
2019-06-03,7240.0,7240.0,6927.0,7031.0,6836.76318359375,2654,LVPR.TA
2019-06-04,7031.0,7140.0,6900.0,7092.0,6896.078125,1000,LVPR.TA
2019-06-05,7092.0,7240.0,7116.0,7203.0,7004.01220703125,2000,LVPR.TA
2019-06-06,7203.0,7440.0,7023.0,7145.0,6947.6142578125,10043,LVPR.TA
2019-06-09,7145.0,7145.0,7145.0,7145.0,6947.6142578125,0,LVPR.TA
2019-06-10,7281.0,7281.0,7024.0,7226.0,7026.37646484375,4771,LVPR.TA
2019-06-11,7226.0,7226.0,7000.0,7070.0,6874.6865234375,4836,LVPR.TA
2019-06-12,7070.0,7070.0,6900.0,6951.0,6758.9736328125,1915,LVPR.TA
2019-06-13,7300.0,7300.0,6969.0,6993.0,6799.8134765625,5047,LVPR.TA
2019-06-16,6993.0,7041.0,6952.0,6952.0,6759.94580078125,2625,LVPR.TA
2019-06-17,6952.0,7059.0,6852.0,6893.0,6702.576171875,7479,LVPR.TA
2019-06-18,6893.0,6892.0,6810.0,6886.0,6695.76953125,2116,LVPR.TA
2019-06-19,6886.0,6886.0,6750.0,6766.0,6579.08447265625,7133,LVPR.TA
2019-06-20,6766.0,6800.0,6710.0,6795.0,6607.283203125,10804,LVPR.TA
2019-06-23,6710.0,6723.0,6700.0,6703.0,6517.8251953125,3278,LVPR.TA
2019-06-24,6860.0,6860.0,6836.0,6838.0,6649.09521484375,952,LVPR.TA
2019-06-25,6838.0,6837.0,6670.0,6677.0,6492.54296875,3495,LVPR.TA
2019-06-26,6710.0,6860.0,6677.0,6836.0,6647.15087890625,13251,LVPR.TA
2019-06-27,6973.0,6973.0,6709.0,6899.0,6708.41015625,1765,LVPR.TA
2019-06-30,6899.0,7040.0,6899.0,6974.0,6781.33837890625,764,LVPR.TA
2019-07-01,6974.0,7079.0,6883.0,7066.0,6870.79638671875,2392,LVPR.TA
2019-07-02,7066.0,7050.0,6946.0,7043.0,6848.43212890625,1002,LVPR.TA
2019-07-03,7043.0,7043.0,6892.0,7012.0,6818.28857421875,1486,LVPR.TA
2019-07-04,7012.0,7153.0,6950.0,6952.0,6759.94580078125,2809,LVPR.TA
2019-07-07,6952.0,7005.0,6873.0,6882.0,6691.8798828125,2434,LVPR.TA
2019-07-08,6882.0,6882.0,6680.0,6680.0,6495.46044921875,8279,LVPR.TA
2019-07-09,6680.0,7072.0,6680.0,6863.0,6673.40478515625,1957,LVPR.TA
2019-07-10,6863.0,6870.0,6726.0,6811.0,6622.84130859375,6124,LVPR.TA
2019-07-11,6811.0,7300.0,6829.0,7184.0,6985.53662109375,3321,LVPR.TA
2019-07-14,7184.0,7184.0,7100.0,7145.0,6947.6142578125,2073,LVPR.TA
2019-07-15,7145.0,7283.0,7070.0,7220.0,7020.54248046875,1683,LVPR.TA
2019-07-16,7220.0,7304.0,7170.0,7222.0,7022.4873046875,2120,LVPR.TA
2019-07-17,7222.0,7305.0,7086.0,7240.0,7039.990234375,2482,LVPR.TA
2019-07-18,7240.0,7271.0,7133.0,7183.0,6984.564453125,2486,LVPR.TA
2019-07-21,7183.0,7176.0,7000.0,7040.0,6845.5146484375,1102,LVPR.TA
2019-07-22,7040.0,7168.0,7039.0,7145.0,6947.6142578125,1442,LVPR.TA
2019-07-23,7145.0,7173.0,7069.0,7117.0,6920.3876953125,1790,LVPR.TA
2019-07-24,7117.0,7311.0,7109.0,7257.0,7056.5205078125,1716,LVPR.TA
2019-07-25,7321.0,7380.0,7263.0,7283.0,7081.80224609375,3132,LVPR.TA
2019-07-28,7283.0,7283.0,7276.0,7276.0,7074.9951171875,646,LVPR.TA
2019-07-29,7276.0,7285.0,7112.0,7197.0,6998.177734375,2119,LVPR.TA
2019-07-30,7197.0,7188.0,7100.0,7114.0,6917.470703125,1267,LVPR.TA
2019-07-31,7114.0,7440.0,7123.0,7341.0,7138.19970703125,1503,LVPR.TA
2019-08-01,7341.0,7591.0,7440.0,7557.0,7348.232421875,2268,LVPR.TA
2019-08-04,7557.0,8040.0,7557.0,8010.0,7788.7177734375,4070,LVPR.TA
2019-08-05,8010.0,8010.0,7700.0,7737.0,7523.259765625,3487,LVPR.TA
2019-08-06,7737.0,7830.0,7728.0,7822.0,7605.91162109375,1869,LVPR.TA
2019-08-07,7822.0,7963.0,7850.0,7938.0,7718.70703125,1847,LVPR.TA
2019-08-08,7964.0,8420.0,7964.0,8394.0,8162.1103515625,12228,LVPR.TA
2019-08-11,8394.0,8394.0,8394.0,8394.0,8162.1103515625,0,LVPR.TA
2019-08-12,8270.0,8404.0,8270.0,8389.0,8157.24853515625,3784,LVPR.TA
2019-08-13,8389.0,9000.0,8242.0,8288.0,8059.0380859375,2877,LVPR.TA
2019-08-14,8288.0,8450.0,7704.0,7812.0,7596.18798828125,3262,LVPR.TA
2019-08-15,7812.0,7970.0,7503.0,7722.0,7508.67431640625,5975,LVPR.TA
2019-08-18,7722.0,7901.0,7761.0,7817.0,7601.0498046875,1386,LVPR.TA
2019-08-19,7783.0,7993.0,7775.0,7960.0,7740.09912109375,2667,LVPR.TA
2019-08-20,7960.0,8073.0,7777.0,7933.0,7713.845703125,2616,LVPR.TA
2019-08-21,7933.0,8034.0,7903.0,7990.0,7769.2705078125,1960,LVPR.TA
2019-08-22,7990.0,8240.0,7923.0,8205.0,7978.33154296875,3632,LVPR.TA
2019-08-25,7887.0,8121.0,7887.0,7999.0,7849.775390625,3095,LVPR.TA
2019-08-26,7999.0,8074.0,7914.0,7933.0,7785.00634765625,1937,LVPR.TA
2019-08-27,7933.0,8026.0,7722.0,7852.0,7705.517578125,3368,LVPR.TA
2019-08-28,7852.0,7938.0,7701.0,7871.0,7724.1630859375,2331,LVPR.TA
2019-08-29,7910.0,8366.0,7831.0,8057.0,7906.693359375,6986,LVPR.TA
2019-09-01,8057.0,8080.0,7972.0,8004.0,7854.68212890625,1494,LVPR.TA
2019-09-02,8004.0,8052.0,7921.0,7999.0,7849.775390625,2526,LVPR.TA
2019-09-03,7999.0,8016.0,7771.0,7901.0,7753.60302734375,7662,LVPR.TA
2019-09-04,7901.0,7890.0,7770.0,7771.0,7626.02880859375,29851,LVPR.TA
2019-09-05,7771.0,7793.0,7685.0,7688.0,7544.5771484375,9390,LVPR.TA
2019-09-08,7688.0,7900.0,7690.0,7818.0,7672.1513671875,8934,LVPR.TA
2019-09-09,7818.0,7951.0,7818.0,7909.0,7761.4541015625,3360,LVPR.TA
2019-09-10,7909.0,7956.0,7771.0,7923.0,7775.19287109375,2741,LVPR.TA
2019-09-11,7923.0,7978.0,7724.0,7899.0,7751.640625,1700,LVPR.TA
2019-09-12,7899.0,7976.0,7847.0,7924.0,7776.17431640625,1455,LVPR.TA
2019-09-15,7725.0,7977.0,7725.0,7964.0,7815.42822265625,170,LVPR.TA
2019-09-16,7964.0,7979.0,7942.0,7960.0,7811.50244140625,3072,LVPR.TA
2019-09-18,7960.0,8200.0,7937.0,8178.0,8025.435546875,3519,LVPR.TA
2019-09-19,8178.0,8240.0,8142.0,8199.0,8046.0439453125,2079,LVPR.TA
2019-09-22,8199.0,8239.0,8191.0,8218.0,8064.689453125,818,LVPR.TA
2019-09-23,8240.0,8240.0,8138.0,8193.0,8040.15576171875,2047,LVPR.TA
2019-09-24,8193.0,8311.0,8114.0,8288.0,8133.38330078125,2711,LVPR.TA
2019-09-25,8249.0,8311.0,8249.0,8284.0,8129.45849609375,6365,LVPR.TA
2019-09-26,7952.0,8500.0,7952.0,8467.0,8309.0439453125,4832,LVPR.TA
2019-10-02,8467.0,8467.0,8130.0,8288.0,8133.38330078125,3241,LVPR.TA
2019-10-03,8288.0,8297.0,7957.0,7957.0,7808.55859375,11241,LVPR.TA
2019-10-06,8036.0,8144.0,8036.0,8073.0,7922.39453125,1992,LVPR.TA
2019-10-07,8073.0,8109.0,8081.0,8105.0,7953.7978515625,1159,LVPR.TA
2019-10-10,8105.0,8360.0,8080.0,8338.0,8182.45068359375,2110,LVPR.TA
2019-10-15,8338.0,8493.0,8097.0,8418.0,8260.9580078125,1618,LVPR.TA
2019-10-16,8418.0,8677.0,8448.0,8588.0,8427.787109375,1935,LVPR.TA
2019-10-17,8588.0,8703.0,8500.0,8697.0,8534.75390625,2766,LVPR.TA
2019-10-22,8740.0,8894.0,8738.0,8775.0,8611.2978515625,5731,LVPR.TA
2019-10-23,8818.0,8899.0,8492.0,8525.0,8365.962890625,10593,LVPR.TA
2019-10-24,8610.0,8680.0,8478.0,8680.0,8518.0703125,4691,LVPR.TA
2019-10-27,8680.0,8888.0,8463.0,8791.0,8627.0,3074,LVPR.TA
2019-10-28,8791.0,9031.0,8856.0,8998.0,8830.138671875,5039,LVPR.TA
2019-10-29,8998.0,9121.0,9007.0,9092.0,8922.384765625,3301,LVPR.TA
2019-10-30,9092.0,9106.0,9000.0,9065.0,8895.8876953125,1945,LVPR.TA
2019-10-31,9065.0,9429.0,9128.0,9429.0,9253.09765625,9968,LVPR.TA
2019-11-03,9429.0,9491.0,9200.0,9409.0,9233.470703125,2369,LVPR.TA
2019-11-04,9409.0,9607.0,9144.0,9215.0,9043.08984375,1833,LVPR.TA
2019-11-05,9215.0,9475.0,9140.0,9365.0,9190.2919921875,3574,LVPR.TA
2019-11-06,9365.0,9496.0,9162.0,9271.0,9098.044921875,2468,LVPR.TA
2019-11-07,9271.0,9239.0,9000.0,9200.0,9028.3701171875,12462,LVPR.TA
2019-11-10,9200.0,9200.0,9105.0,9140.0,8969.4892578125,1017,LVPR.TA
2019-11-11,9140.0,9007.0,8874.0,8891.0,8725.1337890625,2577,LVPR.TA
2019-11-12,8891.0,8975.0,8700.0,8935.0,8768.3134765625,4785,LVPR.TA
2019-11-13,8935.0,9027.0,8740.0,9007.0,8838.970703125,3692,LVPR.TA
2019-11-14,9052.0,9090.0,8997.0,9085.0,8915.5146484375,2636,LVPR.TA
2019-11-17,9200.0,9298.0,9102.0,9260.0,9087.2509765625,2639,LVPR.TA
2019-11-18,9200.0,9260.0,9000.0,9011.0,8842.8955078125,4768,LVPR.TA
2019-11-19,9192.0,9201.0,9050.0,9198.0,9026.4072265625,2898,LVPR.TA
2019-11-20,9086.0,9192.0,8969.0,9183.0,9011.6875,3018,LVPR.TA
2019-11-21,9183.0,9208.0,8998.0,9187.0,9015.6123046875,1870,LVPR.TA
2019-11-24,9187.0,9380.0,9187.0,9374.0,9199.1240234375,1172,LVPR.TA
2019-11-25,9374.0,9470.0,9097.0,9447.0,9270.76171875,5391,LVPR.TA
2019-11-26,9447.0,9566.0,9410.0,9535.0,9357.1201171875,3456,LVPR.TA
2019-11-27,9535.0,9588.0,9410.0,9562.0,9383.6162109375,1993,LVPR.TA
2019-11-28,9466.0,9602.0,9443.0,9590.0,9411.0947265625,7736,LVPR.TA
2019-12-01,9590.0,9573.0,9440.0,9488.0,9310.9970703125,1293,LVPR.TA
2019-12-02,9488.0,9488.0,9202.0,9256.0,9083.3251953125,3059,LVPR.TA
2019-12-03,9394.0,9440.0,9008.0,9043.0,8874.298828125,4154,LVPR.TA
2019-12-04,8972.0,9360.0,8972.0,9290.0,9116.6904296875,3370,LVPR.TA
2019-12-05,9290.0,9550.0,9245.0,9423.0,9247.208984375,6356,LVPR.TA
2019-12-08,9470.0,9488.0,9290.0,9485.0,9308.052734375,4716,LVPR.TA
2019-12-09,9485.0,9485.0,9356.0,9445.0,9268.7998046875,3232,LVPR.TA
2019-12-10,9445.0,9485.0,9321.0,9477.0,9300.2021484375,5403,LVPR.TA
2019-12-11,9477.0,9422.0,9280.0,9382.0,9206.974609375,1136,LVPR.TA
2019-12-12,9382.0,9617.0,9354.0,9550.0,9371.8408203125,17538,LVPR.TA
2019-12-15,9550.0,9550.0,9364.0,9486.0,9309.0341796875,595,LVPR.TA
2019-12-16,9486.0,9594.0,9302.0,9488.0,9310.9970703125,1408,LVPR.TA
2019-12-17,9488.0,9594.0,9442.0,9499.0,9321.7919921875,5100,LVPR.TA
2019-12-18,9499.0,9499.0,9125.0,9255.0,9082.34375,2294,LVPR.TA
2019-12-19,9255.0,9411.0,9162.0,9343.0,9168.7021484375,910,LVPR.TA
2019-12-22,9343.0,9577.0,9240.0,9436.0,9259.966796875,3302,LVPR.TA
2019-12-23,9250.0,9406.0,9249.0,9292.0,9118.6533203125,1604,LVPR.TA
2019-12-24,9292.0,9407.0,9292.0,9371.0,9196.1796875,1653,LVPR.TA
2019-12-25,9371.0,9476.0,9316.0,9368.0,9193.236328125,2904,LVPR.TA
2019-12-26,9450.0,9450.0,9252.0,9331.0,9156.92578125,5466,LVPR.TA
2019-12-29,9331.0,9346.0,9280.0,9286.0,9112.765625,2792,LVPR.TA
2019-12-30,9286.0,9286.0,9081.0,9123.0,8952.806640625,4714,LVPR.TA
2019-12-31,9123.0,9285.0,9110.0,9205.0,9033.2763671875,3749,LVPR.TA
2020-01-01,9205.0,9547.0,9080.0,9458.0,9281.556640625,2403,LVPR.TA
2020-01-02,9506.0,9897.0,9290.0,9488.0,9310.9970703125,13409,LVPR.TA
2020-01-05,9488.0,9500.0,9410.0,9478.0,9301.18359375,3093,LVPR.TA
2020-01-06,9478.0,9490.0,9347.0,9448.0,9271.7431640625,3348,LVPR.TA
2020-01-07,9448.0,9522.0,9211.0,9501.0,9323.7548828125,1847,LVPR.TA
2020-01-08,9501.0,9556.0,9398.0,9533.0,9355.1572265625,2277,LVPR.TA
2020-01-09,9533.0,9700.0,9336.0,9362.0,9187.34765625,4874,LVPR.TA
2020-01-12,9336.0,9439.0,9320.0,9395.0,9219.732421875,3205,LVPR.TA
2020-01-13,9395.0,9414.0,9244.0,9324.0,9150.056640625,4103,LVPR.TA
2020-01-14,9324.0,9382.0,9049.0,9161.0,8990.0966796875,7604,LVPR.TA
2020-01-15,9161.0,9361.0,9069.0,9309.0,9135.3369140625,2447,LVPR.TA
2020-01-16,9309.0,9632.0,9309.0,9563.0,9384.59765625,8992,LVPR.TA
2020-01-19,9563.0,9701.0,9502.0,9694.0,9513.1533203125,8228,LVPR.TA
2020-01-20,9694.0,9683.0,9306.0,9477.0,9300.2021484375,6715,LVPR.TA
2020-01-21,9750.0,9750.0,9462.0,9606.0,9426.7958984375,3761,LVPR.TA
2020-01-22,9675.0,9675.0,9675.0,9675.0,9494.5087890625,2734,LVPR.TA
2020-01-23,9675.0,9850.0,9644.0,9823.0,9639.7470703125,6711,LVPR.TA
2020-01-26,9823.0,9850.0,9668.0,9718.0,9536.7060546875,1660,LVPR.TA
2020-01-27,9718.0,9765.0,9348.0,9388.0,9212.86328125,6174,LVPR.TA
2020-01-28,9388.0,9572.0,9250.0,9332.0,9157.9072265625,5533,LVPR.TA
2020-01-29,9332.0,9680.0,9380.0,9634.0,9454.2734375,5837,LVPR.TA
2020-01-30,9662.0,9850.0,9514.0,9760.0,9577.9228515625,6489,LVPR.TA
2020-02-02,9760.0,9760.0,9279.0,9346.0,9171.6455078125,6807,LVPR.TA
2020-02-03,9346.0,9405.0,9048.0,9231.0,9058.791015625,6081,LVPR.TA
2020-02-04,9231.0,9375.0,9101.0,9171.0,8999.91015625,2669,LVPR.TA
2020-02-05,9340.0,10090.0,9340.0,10060.0,9872.326171875,24502,LVPR.TA
2020-02-06,10060.0,10490.0,10060.0,10490.0,10294.3046875,48116,LVPR.TA
2020-02-09,10490.0,10500.0,10370.0,10380.0,10186.3564453125,8016,LVPR.TA
2020-02-10,10380.0,10380.0,10120.0,10190.0,9999.900390625,9646,LVPR.TA
2020-02-11,10310.0,10310.0,10310.0,10310.0,10117.662109375,4468,LVPR.TA
2020-02-12,10250.0,10250.0,10250.0,10250.0,10058.78125,0,LVPR.TA
2020-02-13,10120.0,10170.0,9971.0,10040.0,9852.69921875,4065,LVPR.TA
2020-02-16,10040.0,10600.0,10030.0,10510.0,10313.9306640625,4483,LVPR.TA
2020-02-17,10720.0,10740.0,10190.0,10460.0,10264.8642578125,4603,LVPR.TA
2020-02-18,10460.0,10520.0,10310.0,10500.0,10304.1171875,2301,LVPR.TA
2020-02-19,10500.0,10700.0,10360.0,10600.0,10402.251953125,5609,LVPR.TA
2020-02-20,10360.0,10520.0,10350.0,10370.0,10176.54296875,4562,LVPR.TA
2020-02-23,10360.0,10730.0,10010.0,10230.0,10039.154296875,6760,LVPR.TA
2020-02-24,10010.0,10870.0,9980.0,10080.0,9891.953125,12506,LVPR.TA
2020-02-25,10000.0,10010.0,9706.0,9827.0,9643.6728515625,6184,LVPR.TA
2020-02-26,9827.0,9849.0,9500.0,9645.0,9465.068359375,9031,LVPR.TA
2020-02-27,9735.0,9735.0,9060.0,9060.0,8890.9814453125,12347,LVPR.TA
2020-03-01,8850.0,8951.0,8520.0,8665.0,8598.25390625,9995,LVPR.TA
2020-03-03,8665.0,9180.0,8665.0,8843.0,8774.8828125,5569,LVPR.TA
2020-03-04,8805.0,8942.0,8435.0,8666.0,8599.24609375,6535,LVPR.TA
2020-03-05,8666.0,8545.0,8099.0,8288.0,8224.158203125,13000,LVPR.TA
2020-03-08,8000.0,8280.0,7416.0,7591.0,7532.52685546875,14112,LVPR.TA
2020-03-09,7287.0,7431.0,6902.0,6902.0,6848.83447265625,59133,LVPR.TA
2020-03-11,6902.0,7177.0,6730.0,6917.0,6863.71875,8832,LVPR.TA
2020-03-12,6510.0,6834.0,6381.0,6500.0,6449.9306640625,16436,LVPR.TA
2020-03-15,6500.0,6832.0,6000.0,6019.0,5972.6357421875,10801,LVPR.TA
2020-03-16,5750.0,5750.0,5359.0,5448.0,5406.0341796875,10471,LVPR.TA
2020-03-17,5448.0,5449.0,4667.0,5025.0,4986.29248046875,21958,LVPR.TA
2020-03-18,4691.0,4749.0,4485.0,4560.0,4524.87451171875,10287,LVPR.TA
2020-03-19,4560.0,5021.0,4512.0,4951.0,4912.86279296875,8135,LVPR.TA
2020-03-22,4506.0,4704.0,4506.0,4600.0,4564.56640625,5359,LVPR.TA
2020-03-23,4400.0,5196.0,4203.0,4646.0,4610.2119140625,8376,LVPR.TA
2020-03-24,4646.0,5449.0,4646.0,5082.0,5042.853515625,8452,LVPR.TA
2020-03-25,5210.0,5780.0,4666.0,5347.0,5305.8125,8219,LVPR.TA
2020-03-26,5300.0,5976.0,5300.0,5803.0,5758.2998046875,12824,LVPR.TA
2020-03-29,5803.0,5850.0,5316.0,5604.0,5560.83251953125,6654,LVPR.TA
2020-03-30,5604.0,6010.0,5501.0,5887.0,5841.65283203125,5847,LVPR.TA
2020-03-31,5887.0,6685.0,5887.0,6344.0,6295.13232421875,14011,LVPR.TA
2020-04-01,6344.0,6399.0,6210.0,6273.0,6224.67919921875,3437,LVPR.TA
2020-04-02,6273.0,7089.0,6425.0,7089.0,7034.39404296875,18853,LVPR.TA
2020-04-05,7018.0,7076.0,6906.0,6956.0,6902.41845703125,5168,LVPR.TA
2020-04-06,6956.0,7548.0,6956.0,7539.0,7480.92724609375,8141,LVPR.TA
2020-04-07,7539.0,8280.0,7651.0,8212.0,8148.7431640625,9573,LVPR.TA
2020-04-12,8212.0,8785.0,8200.0,8587.0,8520.8544921875,12486,LVPR.TA
2020-04-13,8300.0,8587.0,8300.0,8532.0,8466.2783203125,4947,LVPR.TA
2020-04-16,8344.0,8697.0,8344.0,8561.0,8495.0546875,9724,LVPR.TA
2020-04-19,8700.0,9100.0,8562.0,9092.0,9021.96484375,9813,LVPR.TA
2020-04-20,9092.0,9100.0,8601.0,8898.0,8829.458984375,12444,LVPR.TA
2020-04-21,8898.0,8898.0,8305.0,8517.0,8451.3935546875,13100,LVPR.TA
2020-04-22,8687.0,8687.0,8290.0,8415.0,8350.1796875,10053,LVPR.TA
2020-04-23,8920.0,8920.0,8171.0,8171.0,8108.05908203125,12192,LVPR.TA
2020-04-26,8171.0,8377.0,7987.0,8046.0,7984.02197265625,9721,LVPR.TA
2020-04-27,8046.0,8200.0,7608.0,7631.0,7572.21875,17572,LVPR.TA
2020-04-30,7631.0,8031.0,7492.0,7598.0,7539.47314453125,10442,LVPR.TA
2020-05-03,7590.0,7590.0,7300.0,7320.0,7263.6142578125,6585,LVPR.TA
2020-05-04,7300.0,7300.0,6964.0,7039.0,6984.77880859375,10190,LVPR.TA
2020-05-05,7039.0,7230.0,6876.0,7118.0,7063.17041015625,7118,LVPR.TA
2020-05-06,7230.0,7253.0,6840.0,6955.0,6901.42578125,9434,LVPR.TA
2020-05-07,6782.0,6920.0,6670.0,6670.0,6618.62158203125,21036,LVPR.TA
2020-05-10,6670.0,6997.0,6670.0,6835.0,6782.3505859375,8344,LVPR.TA
2020-05-11,6835.0,6903.0,6647.0,6773.0,6720.828125,5507,LVPR.TA
2020-05-12,6645.0,6773.0,6600.0,6616.0,6565.037109375,4175,LVPR.TA
2020-05-13,6620.0,6738.0,6427.0,6518.0,6467.7919921875,4742,LVPR.TA
2020-05-14,6518.0,6518.0,5998.0,6009.0,5962.712890625,12544,LVPR.TA
2020-05-17,6050.0,6292.0,6050.0,6128.0,6080.79638671875,2812,LVPR.TA
2020-05-18,6128.0,6232.0,6105.0,6207.0,6159.18798828125,3474,LVPR.TA
2020-05-19,6269.0,6400.0,6159.0,6211.0,6163.1572265625,4821,LVPR.TA
2020-05-20,6211.0,6795.0,6148.0,6647.0,6595.79833984375,8440,LVPR.TA
2020-05-21,6647.0,6600.0,6373.0,6577.0,6526.337890625,10733,LVPR.TA
2020-05-24,6577.0,6700.0,6500.0,6651.0,6599.767578125,4346,LVPR.TA
2020-05-25,6651.0,7040.0,6651.0,6735.0,6683.12060546875,8319,LVPR.TA
2020-05-26,6735.0,7059.0,6735.0,6899.0,6845.857421875,8450,LVPR.TA
2020-05-27,6631.0,6917.0,6631.0,6703.0,6651.3671875,5490,LVPR.TA
2020-05-31,6703.0,6778.0,6342.0,6383.0,6333.83203125,6954,LVPR.TA
2020-06-01,6383.0,6493.0,6304.0,6418.0,6368.5625,10925,LVPR.TA
2020-06-02,6418.0,6450.0,6366.0,6439.0,6389.40087890625,7907,LVPR.TA
2020-06-03,6439.0,6499.0,6354.0,6473.0,6423.138671875,13507,LVPR.TA
2020-06-04,6473.0,6600.0,6421.0,6600.0,6549.16064453125,28266,LVPR.TA
2020-06-08,6690.0,6723.0,6616.0,6707.0,6655.33642578125,6618,LVPR.TA
2020-06-09,6840.0,6899.0,6581.0,6700.0,6648.39013671875,6338,LVPR.TA
2020-06-10,6798.0,6798.0,6522.0,6564.0,6513.43798828125,2267,LVPR.TA
2020-06-11,6531.0,6531.0,6392.0,6406.0,6356.65478515625,4516,LVPR.TA
2020-06-14,6406.0,6274.0,6219.0,6242.0,6193.91796875,1552,LVPR.TA
2020-06-15,6176.0,6230.0,6056.0,6090.0,6043.0888671875,4546,LVPR.TA
2020-06-16,6090.0,6356.0,6090.0,6315.0,6266.35595703125,4419,LVPR.TA
2020-06-17,6315.0,6470.0,6213.0,6418.0,6368.5625,3513,LVPR.TA
2020-06-18,6418.0,6418.0,6320.0,6393.0,6343.7548828125,3436,LVPR.TA
2020-06-21,6393.0,6400.0,6014.0,6151.0,6103.619140625,3752,LVPR.TA
2020-06-22,6151.0,6458.0,6007.0,6091.0,6044.08154296875,10944,LVPR.TA
2020-06-23,6091.0,6091.0,5973.0,6043.0,5996.451171875,7604,LVPR.TA
2020-06-24,6043.0,6345.0,5918.0,6042.0,5995.458984375,3548,LVPR.TA
2020-06-25,6073.0,6073.0,5831.0,5884.0,5838.67578125,3965,LVPR.TA
2020-06-28,5882.0,5882.0,5555.0,5605.0,5561.8251953125,3367,LVPR.TA
2020-06-29,5605.0,5690.0,5391.0,5624.0,5580.6787109375,5948,LVPR.TA
2020-06-30,5624.0,5801.0,5370.0,5708.0,5664.03173828125,8927,LVPR.TA
2020-07-01,5651.0,6188.0,5651.0,5983.0,5936.9130859375,6480,LVPR.TA
2020-07-02,5983.0,6097.0,5983.0,6020.0,5973.62841796875,6479,LVPR.TA
2020-07-05,6000.0,6040.0,5867.0,5975.0,5928.97509765625,7405,LVPR.TA
2020-07-06,5975.0,6389.0,5975.0,6220.0,6172.087890625,6927,LVPR.TA
2020-07-07,6021.0,6219.0,6021.0,6130.0,6082.78076171875,4904,LVPR.TA
2020-07-08,5900.0,6074.0,5900.0,5931.0,5885.31396484375,5823,LVPR.TA
2020-07-09,5931.0,5931.0,5660.0,5719.0,5674.94677734375,8854,LVPR.TA
2020-07-12,5719.0,5727.0,5500.0,5521.0,5478.47216796875,14554,LVPR.TA
2020-07-13,5500.0,5640.0,5500.0,5596.0,5552.89453125,4143,LVPR.TA
2020-07-14,5596.0,5900.0,5490.0,5803.0,5758.2998046875,4087,LVPR.TA
2020-07-15,5803.0,6092.0,5843.0,5886.0,5840.66064453125,7614,LVPR.TA
2020-07-16,5886.0,5937.0,5760.0,5883.0,5837.68359375,4219,LVPR.TA
2020-07-19,5883.0,5887.0,5645.0,5719.0,5674.94677734375,1773,LVPR.TA
2020-07-20,5719.0,5802.0,5620.0,5629.0,5585.64013671875,3560,LVPR.TA
2020-07-21,5629.0,5728.0,5505.0,5525.0,5482.44140625,9037,LVPR.TA
2020-07-22,5707.0,5707.0,5525.0,5601.0,5557.85595703125,3391,LVPR.TA
2020-07-23,5601.0,5700.0,5567.0,5601.0,5557.85595703125,5050,LVPR.TA
2020-07-26,5601.0,5613.0,5531.0,5570.0,5527.0947265625,1471,LVPR.TA
2020-07-27,5570.0,5709.0,5570.0,5681.0,5637.23974609375,5522,LVPR.TA
2020-07-28,5681.0,6000.0,5681.0,5958.0,5912.10595703125,6339,LVPR.TA
2020-07-29,5550.0,6177.0,5550.0,6146.0,6098.65771484375,10173,LVPR.TA
2020-08-02,6146.0,6332.0,6100.0,6279.0,6230.63330078125,2795,LVPR.TA
2020-08-03,6279.0,6320.0,6233.0,6249.0,6200.8642578125,3580,LVPR.TA
2020-08-04,6249.0,6435.0,6216.0,6394.0,6344.74755859375,6237,LVPR.TA
2020-08-05,6394.0,6739.0,6346.0,6673.0,6621.59814453125,9850,LVPR.TA
2020-08-06,6673.0,6734.0,6617.0,6670.0,6618.62158203125,14448,LVPR.TA
2020-08-09,6673.0,6745.0,6673.0,6704.0,6652.359375,986,LVPR.TA
2020-08-10,6704.0,6848.0,6601.0,6751.0,6698.99755859375,1960,LVPR.TA
2020-08-11,6751.0,7291.0,6749.0,7201.0,7145.53125,9042,LVPR.TA
2020-08-12,7201.0,7400.0,7201.0,7386.0,7329.10595703125,7591,LVPR.TA
2020-08-13,7384.0,7384.0,6902.0,7163.0,7107.82373046875,4705,LVPR.TA
2020-08-16,7163.0,7306.0,6980.0,7040.0,6985.771484375,3337,LVPR.TA
2020-08-17,7040.0,7067.0,6601.0,6644.0,6592.82177734375,10772,LVPR.TA
2020-08-18,6644.0,6843.0,6411.0,6491.0,6441.0,6131,LVPR.TA
2020-08-19,6441.0,6443.0,6186.0,6225.0,6225.0,4917,LVPR.TA
2020-08-20,6225.0,6203.0,5992.0,6042.0,6042.0,4433,LVPR.TA
2020-08-23,5808.0,6102.0,5808.0,6046.0,6046.0,3728,LVPR.TA
2020-08-24,6046.0,6387.0,5994.0,6199.0,6199.0,3977,LVPR.TA
2020-08-25,6199.0,6275.0,6213.0,6246.0,6246.0,2948,LVPR.TA
2020-08-26,6246.0,6354.0,6230.0,6274.0,6274.0,2459,LVPR.TA
2020-08-27,6148.0,6205.0,5990.0,6011.0,6011.0,7806,LVPR.TA
2020-08-30,6015.0,6178.0,6015.0,6094.0,6094.0,1384,LVPR.TA
2020-08-31,6194.0,6353.0,6101.0,6197.0,6197.0,4678,LVPR.TA
2020-09-01,6197.0,6315.0,6197.0,6244.0,6244.0,5505,LVPR.TA
2020-09-02,6244.0,6269.0,5963.0,6013.0,6013.0,5284,LVPR.TA
2020-09-03,6148.0,6148.0,5750.0,5750.0,5750.0,22984,LVPR.TA
2020-09-06,5560.0,5916.0,5560.0,5800.0,5800.0,2669,LVPR.TA
2020-09-07,5800.0,5800.0,5730.0,5762.0,5762.0,2516,LVPR.TA
2020-09-08,5762.0,5778.0,5565.0,5584.0,5584.0,4122,LVPR.TA
2020-09-09,5584.0,5700.0,5450.0,5461.0,5461.0,3078,LVPR.TA
2020-09-10,5461.0,5461.0,5308.0,5328.0,5328.0,4983,LVPR.TA
2020-09-13,5250.0,5296.0,5060.0,5256.0,5256.0,3039,LVPR.TA
2020-09-14,5256.0,5485.0,5357.0,5436.0,5436.0,1655,LVPR.TA
2020-09-15,5436.0,5665.0,5500.0,5646.0,5646.0,6105,LVPR.TA
2020-09-16,5646.0,5660.0,5361.0,5433.0,5433.0,5956,LVPR.TA
2020-09-17,5361.0,5381.0,5246.0,5338.0,5338.0,2534,LVPR.TA
2020-09-21,5560.0,5560.0,5315.0,5530.0,5530.0,7994,LVPR.TA
2020-09-22,5530.0,5798.0,5652.0,5743.0,5743.0,4889,LVPR.TA
2020-09-23,5743.0,5722.0,5590.0,5600.0,5600.0,2815,LVPR.TA
2020-09-24,5300.0,5409.0,5293.0,5307.0,5307.0,11365,LVPR.TA
